1.523 2.42262 0.501716 -0.0294884 0.17508 0 0 0 4 1 0 0 0 3 0 0 0 0 0 4 2 0 10 2 10 0 0 6 5 2 2 0 0 0 0 5 0 0 0 1 0 2 0 4 1 5 0 0 0 0 0 0 0 0 6 10 0 6 0 0 0 0 0 8 0 0 2 5 1 0 0 4 4 5 0 6 5 
1.543 2.15146 0.501715 -0.0294895 0.175051 0 0 0 4 1 0 0 0 3 0 0 0 0 0 4 2 0 10 2 10 0 0 6 5 2 2 0 0 0 0 5 0 0 0 1 0 2 0 4 1 5 0 0 0 0 0 0 0 0 6 10 0 6 0 0 0 0 0 8 0 0 2 5 1 0 0 4 4 5 0 6 5 
1.563 2.16911 0.501701 -0.0294968 0.174975 0 0 0 4 1 0 0 0 3 0 0 0 0 0 4 2 0 10 2 10 0 0 6 5 2 2 0 0 0 0 5 0 0 0 1 0 2 0 4 1 5 0 0 0 0 0 0 0 0 6 10 0 6 0 0 0 0 0 8 0 0 2 5 1 0 0 4 4 5 0 6 5 
1.583 1.90112 0.501678 -0.0294919 0.174865 0 0 0 4 1 0 0 0 3 0 0 0 0 0 4 2 0 10 2 10 0 0 6 5 2 2 0 0 0 0 5 0 0 0 1 0 2 0 4 1 5 0 0 0 0 0 0 0 0 6 10 0 6 0 0 0 0 0 8 0 0 2 5 1 0 0 4 4 5 0 6 5 
1.603 1.82062 0.501655 -0.0294882 0.174757 0 0 0 4 1 0 0 0 3 0 0 0 0 0 4 2 0 10 2 10 0 0 6 5 2 2 0 0 0 0 5 0 0 0 1 0 2 0 4 1 5 0 0 0 0 0 0 0 0 6 10 0 6 0 0 0 0 0 8 0 0 2 5 1 0 0 4 4 5 0 6 5 
1.623 1.98973 0.501644 -0.0294875 0.17467 0 0 0 4 1 0 0 0 3 0 0 0 0 0 4 2 0 10 2 10 0 0 6 5 2 2 0 0 0 0 5 0 0 0 1 0 2 0 4 1 5 0 0 0 0 0 0 0 0 6 10 0 6 0 0 0 0 0 8 0 0 2 5 1 0 0 4 4 5 0 6 5 
1.643 2.01811 0.501649 -0.0294848 0.174583 0 0 0 4 1 0 0 0 3 0 0 0 0 0 4 2 0 10 2 10 0 0 6 5 2 2 0 0 0 0 5 0 0 0 1 0 2 0 4 1 5 0 0 0 0 0 0 0 0 6 10 0 6 0 0 0 0 0 8 0 0 2 5 1 0 0 4 4 5 0 6 5 
1.663 2.05776 0.501673 -0.0294863 0.174477 0 0 0 4 1 0 0 0 3 0 0 0 0 0 4 2 0 10 2 10 0 0 6 5 2 2 0 0 0 0 5 0 0 0 1 0 2 0 4 1 5 0 0 0 0 0 0 0 0 6 10 0 6 0 0 0 0 0 8 0 0 2 5 1 0 0 4 4 5 0 6 5 
1.683 2.03189 0.501703 -0.0294852 0.174356 0 0 0 4 1 0 0 0 3 0 0 0 0 0 4 2 0 10 2 10 0 0 6 5 2 2 0 0 0 0 5 0 0 0 1 0 2 0 4 1 5 0 0 0 0 0 0 0 0 6 10 0 6 0 0 0 0 0 8 0 0 2 5 1 0 0 4 4 5 0 6 5 
1.703 2.08038 0.501726 -0.029489 0.174212 0 0 0 4 1 0 0 0 3 0 0 0 0 0 4 2 0 10 2 10 0 0 6 5 2 2 0 0 0 0 5 0 0 0 1 0 2 0 4 1 5 0 0 0 0 0 0 0 0 6 10 0 6 0 0 0 0 0 8 0 0 2 5 1 0 0 4 4 5 0 6 5 
1.723 2.08307 0.501736 -0.0294893 0.174039 0 0 0 4 1 0 0 0 3 0 0 0 0 0 4 2 0 10 2 10 0 0 6 5 2 2 0 0 0 0 5 0 0 0 1 0 2 0 4 1 5 0 0 0 0 0 0 0 0 6 10 0 6 0 0 0 0 0 8 0 0 2 5 1 0 0 4 4 5 0 6 5 
1.743 2.09896 0.501739 -0.0294917 0.173839 0 0 0 4 1 0 0 0 3 0 0 0 0 0 4 2 0 10 2 10 0 0 6 5 2 2 0 0 0 0 5 0 0 0 1 0 2 0 4 1 5 0 0 0 0 0 0 0 0 6 10 0 6 0 0 0 0 0 8 0 0 2 5 1 0 0 4 4 5 0 6 5 
1.763 1.96535 0.50172 -0.0294885 0.173598 0 0 0 4 1 0 0 0 3 0 0 0 0 0 4 2 0 10 2 10 0 0 6 5 2 2 0 0 0 0 5 0 0 0 1 0 2 0 4 1 5 0 0 0 0 0 0 0 0 6 10 0 6 0 0 0 0 0 8 0 0 2 5 1 0 0 4 4 5 0 6 5 
1.783 1.92252 0.501698 -0.0294894 0.173351 0 0 0 4 1 0 0 0 3 0 0 0 0 0 4 2 0 10 2 10 0 0 6 5 2 2 0 0 0 0 5 0 0 0 1 0 2 0 4 1 5 0 0 0 0 0 0 0 0 6 10 0 6 0 0 0 0 0 8 0 0 2 5 1 0 0 4 4 5 0 6 5 
1.803 1.84159 0.501686 -0.02948 0.1731 0 0 0 4 1 0 0 0 3 0 0 0 0 0 4 2 0 10 2 10 0 0 6 5 2 2 0 0 0 0 5 0 0 0 1 0 2 0 4 1 5 0 0 0 0 0 0 0 0 6 10 0 6 0 0 0 0 0 8 0 0 2 5 1 0 0 4 4 5 0 6 5 
1.823 1.91159 0.501687 -0.0294785 0.172852 0 0 0 4 1 0 0 0 3 0 0 0 0 0 4 2 0 10 2 10 0 0 6 5 2 2 0 0 0 0 5 0 0 0 1 0 2 0 4 1 5 0 0 0 0 0 0 0 0 6 10 0 6 0 0 0 0 0 8 0 0 2 5 1 0 0 4 4 5 0 6 5 
1.843 1.95819 0.501707 -0.029481 0.17261 0 0 0 4 1 0 0 0 3 0 0 0 0 0 4 2 0 10 2 10 0 0 6 5 2 2 0 0 0 0 5 0 0 0 1 0 2 0 4 1 5 0 0 0 0 0 0 0 0 6 10 0 6 0 0 0 0 0 8 0 0 2 5 1 0 0 4 4 5 0 6 5 
1.863 2.08403 0.501742 -0.0294868 0.172354 0 0 0 4 1 0 0 0 3 0 0 0 0 0 4 2 0 10 2 10 0 0 6 5 2 2 0 0 0 0 5 0 0 0 1 0 2 0 4 1 5 0 0 0 0 0 0 0 0 6 10 0 6 0 0 0 0 0 8 0 0 2 5 1 0 0 4 4 5 0 6 5 
1.883 2.10233 0.501761 -0.0294849 0.172073 0 0 0 4 1 0 0 0 3 0 0 0 0 0 4 2 0 10 2 10 0 0 6 5 2 2 0 0 0 0 5 0 0 0 1 0 2 0 4 1 5 0 0 0 0 0 0 0 0 6 10 0 6 0 0 0 0 0 8 0 0 2 5 1 0 0 4 4 5 0 6 5 
1.903 1.96624 0.501768 -0.0294815 0.171764 0 0 0 4 1 0 0 0 3 0 0 0 0 0 4 2 0 10 2 10 0 0 6 5 2 2 0 0 0 0 5 0 0 0 1 0 2 0 4 1 5 0 0 0 0 0 0 0 0 6 10 0 6 0 0 0 0 0 8 0 0 2 5 1 0 0 4 4 5 0 6 5 
1.923 2.0536 0.50177 -0.0294833 0.171446 0 0 0 4 1 0 0 0 3 0 0 0 0 0 4 2 0 10 2 10 0 0 6 5 2 2 0 0 0 0 5 0 0 0 1 0 2 0 4 1 5 0 0 0 0 0 0 0 0 6 10 0 6 0 0 0 0 0 8 0 0 2 5 1 0 0 4 4 5 0 6 5 
1.943 2.0452 0.50178 -0.0294792 0.171112 0 0 0 4 1 0 0 0 3 0 0 0 0 0 4 2 0 10 2 10 0 0 6 5 2 2 0 0 0 0 5 0 0 0 1 0 2 0 4 1 5 0 0 0 0 0 0 0 0 6 10 0 6 0 0 0 0 0 8 0 0 2 5 1 0 0 4 4 5 0 6 5 
1.964 2.11517 0.501788 -0.0294812 0.170733 0 0 0 4 1 0 0 0 3 0 0 0 0 0 4 2 0 10 2 10 0 0 6 5 2 2 0 0 0 0 5 0 0 0 1 0 2 0 4 1 5 0 0 0 0 0 0 0 0 6 10 0 6 0 0 0 0 0 8 0 0 2 5 1 0 0 4 4 5 0 6 5 
1.984 2.03054 0.501785 -0.0294754 0.170338 0 0 0 4 1 0 0 0 3 0 0 0 0 0 4 2 0 10 2 10 0 0 6 5 2 2 0 0 0 0 5 0 0 0 1 0 2 0 4 1 5 0 0 0 0 0 0 0 0 6 10 0 6 0 0 0 0 0 8 0 0 2 5 1 0 0 4 4 5 0 6 5 
2.004 1.92704 0.501774 -0.0294738 0.169929 0 0 0 4 1 0 0 0 3 0 0 0 0 0 4 2 0 10 2 10 0 0 6 5 2 2 0 0 0 0 5 0 0 0 1 0 2 0 4 1 5 0 0 0 0 0 0 0 0 6 10 0 6 0 0 0 0 0 8 0 0 2 5 1 0 0 4 4 5 0 6 5 
2.024 1.90362 0.501758 -0.0294697 0.169521 0 0 0 4 1 0 0 0 3 0 0 0 0 0 4 2 0 10 2 10 0 0 6 5 2 2 0 0 0 0 5 0 0 0 1 0 2 0 4 1 5 0 0 0 0 0 0 0 0 6 10 0 6 0 0 0 0 0 8 0 0 2 5 1 0 0 4 4 5 0 6 5 
2.044 1.95347 0.501754 -0.0294655 0.169114 0 0 0 4 1 0 0 0 3 0 0 0 0 0 4 2 0 10 2 10 0 0 6 5 2 2 0 0 0 0 5 0 0 0 1 0 2 0 4 1 5 0 0 0 0 0 0 0 0 6 10 0 6 0 0 0 0 0 8 0 0 2 5 1 0 0 4 4 5 0 6 5 
2.064 1.99263 0.501757 -0.029464 0.168707 0 0 0 4 1 0 0 0 3 0 0 0 0 0 4 2 0 10 2 10 0 0 6 5 2 2 0 0 0 0 5 0 0 0 1 0 2 0 4 1 5 0 0 0 0 0 0 0 0 6 10 0 6 0 0 0 0 0 8 0 0 2 5 1 0 0 4 4 5 0 6 5 
2.084 1.75005 0.501748 -0.0294604 0.168292 0 0 0 4 1 0 0 0 3 0 0 0 0 0 4 2 0 10 2 10 0 0 6 5 2 2 0 0 0 0 5 0 0 0 1 0 2 0 4 1 5 0 0 0 0 0 0 0 0 6 10 0 6 0 0 0 0 0 8 0 0 2 5 1 0 0 4 4 5 0 6 5 
2.104 1.83509 0.501752 -0.0294611 0.167901 0 0 0 4 1 0 0 0 3 0 0 0 0 0 4 2 0 10 2 10 0 0 6 5 2 2 0 0 0 0 5 0 0 0 1 0 2 0 4 1 5 0 0 0 0 0 0 0 0 6 10 0 6 0 0 0 0 0 8 0 0 2 5 1 0 0 4 4 5 0 6 5 
2.124 1.9998 0.501772 -0.0294622 0.167526 0 0 0 4 1 0 0 0 3 0 0 0 0 0 4 2 0 10 2 10 0 0 6 5 2 2 0 0 0 0 5 0 0 0 1 0 2 0 4 1 5 0 0 0 0 0 0 0 0 6 10 0 6 0 0 0 0 0 8 0 0 2 5 1 0 0 4 4 5 0 6 5 
2.144 2.10738 0.501791 -0.0294623 0.167144 0 0 0 4 1 0 0 0 3 0 0 0 0 0 4 2 0 10 2 10 0 0 6 5 2 2 0 0 0 0 5 0 0 0 1 0 2 0 4 1 5 0 0 0 0 0 0 0 0 6 10 0 6 0 0 0 0 0 8 0 0 2 5 1 0 0 4 4 5 0 6 5 
2.164 1.90771 0.501797 -0.029463 0.166736 0 0 0 4 1 0 0 0 3 0 0 0 0 0 4 2 0 10 2 10 0 0 6 5 2 2 0 0 0 0 5 0 0 0 1 0 2 0 4 1 5 0 0 0 0 0 0 0 0 6 10 0 6 0 0 0 0 0 8 0 0 2 5 1 0 0 4 4 5 0 6 5 
2.184 2.04212 0.501806 -0.0294585 0.166328 0 0 0 4 1 0 0 0 3 0 0 0 0 0 4 2 0 10 2 10 0 0 6 5 2 2 0 0 0 0 5 0 0 0 1 0 2 0 4 1 5 0 0 0 0 0 0 0 0 6 10 0 6 0 0 0 0 0 8 0 0 2 5 1 0 0 4 4 5 0 6 5 
2.204 2.10246 0.501806 -0.0294572 0.165895 0 0 0 4 1 0 0 0 3 0 0 0 0 0 4 2 0 10 2 10 0 0 6 5 2 2 0 0 0 0 5 0 0 0 1 0 2 0 4 1 5 0 0 0 0 0 0 0 0 6 10 0 6 0 0 0 0 0 8 0 0 2 5 1 0 0 4 4 5 0 6 5 
2.224 2.0745 0.501801 -0.0294555 0.165436 0 0 0 4 1 0 0 0 3 0 0 0 0 0 4 2 0 10 2 10 0 0 6 5 2 2 0 0 0 0 5 0 0 0 1 0 2 0 4 1 5 0 0 0 0 0 0 0 0 6 10 0 6 0 0 0 0 0 8 0 0 2 5 1 0 0 4 4 5 0 6 5 
2.244 1.8548 0.501784 -0.0294531 0.164963 0 0 0 4 1 0 0 0 3 0 0 0 0 0 4 2 0 10 2 10 0 0 6 5 2 2 0 0 0 0 5 0 0 0 1 0 2 0 4 1 5 0 0 0 0 0 0 0 0 6 10 0 6 0 0 0 0 0 8 0 0 2 5 1 0 0 4 4 5 0 6 5 
2.264 1.94378 0.50178 -0.02945 0.164507 0 0 0 4 1 0 0 0 3 0 0 0 0 0 4 2 0 10 2 10 0 0 6 5 2 2 0 0 0 0 5 0 0 0 1 0 2 0 4 1 5 0 0 0 0 0 0 0 0 6 10 0 6 0 0 0 0 0 8 0 0 2 5 1 0 0 4 4 5 0 6 5 
2.284 2.01169 0.501765 -0.0294446 0.164044 0 0 0 4 1 0 0 0 3 0 0 0 0 0 4 2 0 10 2 10 0 0 6 5 2 2 0 0 0 0 5 0 0 0 1 0 2 0 4 1 5 0 0 0 0 0 0 0 0 6 10 0 6 0 0 0 0 0 8 0 0 2 5 1 0 0 4 4 5 0 6 5 
2.304 1.87149 0.501752 -0.0294428 0.163585 0 0 0 4 1 0 0 0 3 0 0 0 0 0 4 2 0 10 2 10 0 0 6 5 2 2 0 0 0 0 5 0 0 0 1 0 2 0 4 1 5 0 0 0 0 0 0 0 0 6 10 0 6 0 0 0 0 0 8 0 0 2 5 1 0 0 4 4 5 0 6 5 
2.324 1.7329 0.501737 -0.0294411 0.163142 0 0 0 4 1 0 0 0 3 0 0 0 0 0 4 2 0 10 2 10 0 0 6 5 2 2 0 0 0 0 5 0 0 0 1 0 2 0 4 1 5 0 0 0 0 0 0 0 0 6 10 0 6 0 0 0 0 0 8 0 0 2 5 1 0 0 4 4 5 0 6 5 
2.344 1.95815 0.501741 -0.0294406 0.162733 0 0 0 4 1 0 0 0 3 0 0 0 0 0 4 2 0 10 2 10 0 0 6 5 2 2 0 0 0 0 5 0 0 0 1 0 2 0 4 1 5 0 0 0 0 0 0 0 0 6 10 0 6 0 0 0 0 0 8 0 0 2 5 1 0 0 4 4 5 0 6 5 
2.366 2.03768 0.50174 -0.0294383 0.162273 0 0 0 4 1 0 0 0 3 0 0 0 0 0 4 2 0 10 2 10 0 0 6 5 2 2 0 0 0 0 5 0 0 0 1 0 2 0 4 1 5 0 0 0 0 0 0 0 0 6 10 0 6 0 0 0 0 0 8 0 0 2 5 1 0 0 4 4 5 0 6 5 
2.386 1.90396 0.501748 -0.0294342 0.161869 0 0 0 4 1 0 0 0 3 0 0 0 0 0 4 2 0 10 2 10 0 0 6 5 2 2 0 0 0 0 5 0 0 0 1 0 2 0 4 1 5 0 0 0 0 0 0 0 0 6 10 0 6 0 0 0 0 0 8 0 0 2 5 1 0 0 4 4 5 0 6 5 
2.406 2.01283 0.501749 -0.0294308 0.161462 0 0 0 4 1 0 0 0 3 0 0 0 0 0 4 2 0 10 2 10 0 0 6 5 2 2 0 0 0 0 5 0 0 0 1 0 2 0 4 1 5 0 0 0 0 0 0 0 0 6 10 0 6 0 0 0 0 0 8 0 0 2 5 1 0 0 4 4 5 0 6 5 
2.426 2.178 0.501751 -0.0294288 0.161045 0 0 0 4 1 0 0 0 3 0 0 0 0 0 4 2 0 10 2 10 0 0 6 5 2 2 0 0 0 0 5 0 0 0 1 0 2 0 4 1 5 0 0 0 0 0 0 0 0 6 10 0 6 0 0 0 0 0 8 0 0 2 5 1 0 0 4 4 5 0 6 5 
2.446 2.09079 0.501741 -0.0294222 0.160607 0 0 0 4 1 0 0 0 3 0 0 0 0 0 4 2 0 10 2 10 0 0 6 5 2 2 0 0 0 0 5 0 0 0 1 0 2 0 4 1 5 0 0 0 0 0 0 0 0 6 10 0 6 0 0 0 0 0 8 0 0 2 5 1 0 0 4 4 5 0 6 5 
2.466 1.87799 0.501724 -0.0294226 0.160163 0 0 0 4 1 0 0 0 3 0 0 0 0 0 4 2 0 10 2 10 0 0 6 5 2 2 0 0 0 0 5 0 0 0 1 0 2 0 4 1 5 0 0 0 0 0 0 0 0 6 10 0 6 0 0 0 0 0 8 0 0 2 5 1 0 0 4 4 5 0 6 5 
2.486 1.80902 0.501701 -0.0294195 0.159725 0 0 0 4 1 0 0 0 3 0 0 0 0 0 4 2 0 10 2 10 0 0 6 5 2 2 0 0 0 0 5 0 0 0 1 0 2 0 4 1 5 0 0 0 0 0 0 0 0 6 10 0 6 0 0 0 0 0 8 0 0 2 5 1 0 0 4 4 5 0 6 5 
2.506 1.83502 0.501681 -0.0294174 0.159305 0 0 0 4 1 0 0 0 3 0 0 0 0 0 4 2 0 10 2 10 0 0 6 5 2 2 0 0 0 0 5 0 0 0 1 0 2 0 4 1 5 0 0 0 0 0 0 0 0 6 10 0 6 0 0 0 0 0 8 0 0 2 5 1 0 0 4 4 5 0 6 5 
2.526 1.848 0.50168 -0.0294135 0.158914 0 0 0 4 1 0 0 0 3 0 0 0 0 0 4 2 0 10 2 10 0 0 6 5 2 2 0 0 0 0 5 0 0 0 1 0 2 0 4 1 5 0 0 0 0 0 0 0 0 6 10 0 6 0 0 0 0 0 8 0 0 2 5 1 0 0 4 4 5 0 6 5 
2.546 1.70635 0.501673 -0.0294119 0.158544 0 0 0 4 1 0 0 0 3 0 0 0 0 0 4 2 0 10 2 10 0 0 6 5 2 2 0 0 0 0 5 0 0 0 1 0 2 0 4 1 5 0 0 0 0 0 0 0 0 6 10 0 6 0 0 0 0 0 8 0 0 2 5 1 0 0 4 4 5 0 6 5 
2.566 1.69138 0.501674 -0.0294075 0.158206 0 0 0 4 1 0 0 0 3 0 0 0 0 0 4 2 0 10 2 10 0 0 6 5 2 2 0 0 0 0 5 0 0 0 1 0 2 0 4 1 5 0 0 0 0 0 0 0 0 6 10 0 6 0 0 0 0 0 8 0 0 2 5 1 0 0 4 4 5 0 6 5 
2.586 2.11834 0.501707 -0.0294095 0.157929 0 0 0 4 1 0 0 0 3 0 0 0 0 0 4 2 0 10 2 10 0 0 6 5 2 2 0 0 0 0 5 0 0 0 1 0 2 0 4 1 5 0 0 0 0 0 0 0 0 6 10 0 6 0 0 0 0 0 8 0 0 2 5 1 0 0 4 4 5 0 6 5 
2.606 2.66939 0.501784 -0.0294148 0.157731 0 0 0 4 1 0 0 0 3 0 0 0 0 0 18 2 0 10 2 10 152 0 6 5 2 2 0 0 0 0 5 0 0 0 1 0 2 0 4 1 5 0 0 0 0 0 0 0 0 6 10 0 6 0 0 0 0 0 8 0 0 2 5 1 0 0 4 4 5 0 6 5 
2.626 3.2616 0.501892 -0.0294223 0.157609 0 0 0 4 1 0 0 0 3 0 0 0 0 0 18 2 0 10 2 10 152 0 6 5 2 2 0 0 0 0 5 0 0 0 1 0 2 0 4 1 5 0 0 0 0 0 0 0 0 6 10 0 6 0 0 0 0 0 8 0 0 2 5 1 0 0 4 4 5 0 6 5 
2.646 3.55425 0.502005 -0.0294287 0.15751 0 0 0 4 1 0 0 0 3 0 0 0 0 0 18 2 0 10 2 10 102 0 6 5 2 2 0 0 0 0 5 0 0 0 1 0 2 0 4 1 5 0 0 0 0 0 0 0 0 6 10 0 6 0 0 0 0 0 8 0 0 2 5 1 0 0 4 4 5 0 6 5 
2.666 3.84748 0.50212 -0.0294384 0.157412 0 0 0 4 1 0 0 0 3 0 0 0 0 0 18 2 0 10 2 10 102 0 6 5 2 2 0 0 0 0 5 0 0 0 1 0 2 0 4 1 5 0 0 0 0 0 0 0 0 6 10 0 6 0 0 0 0 0 8 0 0 2 5 1 0 0 4 4 5 0 6 5 
2.686 4.22958 0.502242 -0.0294544 0.157328 0 0 0 4 1 0 0 0 3 0 0 0 0 0 10 2 0 10 2 10 124 0 6 5 2 2 0 0 0 0 5 0 0 0 1 0 2 0 4 1 5 0 0 0 0 0 0 0 0 6 10 0 6 0 0 0 0 0 8 0 0 2 5 1 0 0 4 4 5 0 6 5 
2.706 4.55937 0.502367 -0.0294656 0.157241 0 0 0 4 1 0 0 0 3 0 0 0 0 0 10 2 0 10 2 10 124 0 6 5 2 2 0 0 0 0 5 0 0 0 1 0 2 0 4 1 5 0 0 0 0 0 0 0 0 6 10 0 6 0 0 0 0 0 8 0 0 2 5 1 0 0 4 4 5 0 6 5 
2.726 4.78453 0.502475 -0.0294823 0.157145 0 0 0 4 1 0 0 0 3 0 0 0 0 0 19 2 0 10 2 10 110 0 6 5 2 2 0 0 0 0 5 0 0 0 1 0 2 0 4 1 5 0 0 0 0 0 0 0 0 6 10 0 6 0 0 0 0 0 8 0 0 2 5 1 0 0 4 4 5 0 6 5 
2.746 4.94964 0.502565 -0.0294951 0.157044 0 0 0 4 1 0 0 0 3 0 0 0 0 0 0 2 0 10 2 10 0 0 6 5 2 2 0 0 0 0 5 0 0 0 1 0 2 0 4 1 5 0 0 0 0 0 0 0 0 6 10 0 6 0 0 0 0 0 8 0 0 2 5 1 0 0 4 4 5 0 6 5 
2.766 5.28458 0.502661 -0.02951 0.156959 0 0 0 4 1 0 0 0 3 0 0 0 0 0 0 2 0 10 2 10 0 0 6 5 2 2 0 0 0 0 5 0 0 0 1 0 2 0 4 1 5 0 0 0 0 0 0 0 0 6 10 0 6 0 0 0 0 0 8 0 0 2 5 1 0 0 4 4 5 0 6 5 
2.786 5.51901 0.502744 -0.0295221 0.156873 0 0 0 4 1 0 0 0 3 0 0 0 0 0 0 2 0 10 2 10 0 0 6 5 2 2 0 0 0 0 5 0 0 0 1 0 2 0 4 1 5 0 0 0 0 0 0 0 0 6 10 0 6 0 0 0 0 0 8 0 0 2 5 1 0 0 4 4 5 0 6 5 
2.806 5.54464 0.502808 -0.0295344 0.156774 0 0 0 4 1 0 0 0 3 0 0 0 0 0 0 2 0 10 2 10 0 0 6 5 2 2 0 0 0 0 5 0 0 0 1 0 2 0 4 1 5 0 0 0 0 0 0 0 0 6 10 0 6 0 0 0 0 0 8 0 0 2 5 1 0 0 4 4 5 0 6 5 
2.826 5.72685 0.50288 -0.0295577 0.156689 0 0 0 4 1 0 0 0 3 0 0 0 0 0 0 2 0 10 2 10 0 0 6 5 2 2 0 0 0 0 5 0 0 0 1 0 2 0 4 1 5 0 0 0 0 0 0 0 0 6 10 0 6 0 0 0 0 0 8 0 0 2 5 1 0 0 4 4 5 0 6 5 
2.846 5.83994 0.502947 -0.029573 0.156624 0 0 0 4 1 0 0 0 3 0 0 0 0 0 0 34 0 10 2 10 13 305 6 5 2 2 0 0 0 0 5 0 0 0 1 0 2 0 4 1 5 0 0 0 0 0 0 0 0 6 10 0 6 0 0 0 0 0 8 0 0 2 5 1 0 0 4 4 5 0 6 5 
2.865 5.95393 0.50301 -0.0295904 0.156573 0 0 0 4 1 0 0 0 3 0 0 0 0 0 0 34 0 10 2 10 13 305 6 5 2 2 0 0 0 0 5 0 0 0 1 0 2 0 4 1 5 0 0 0 0 0 0 0 0 6 10 0 6 0 0 0 0 0 8 0 0 2 5 1 0 0 4 4 5 0 6 5 
2.886 6.10189 0.503075 -0.0295918 0.156534 0 0 0 4 1 0 0 0 3 0 0 0 0 0 13 46 0 10 2 10 126 394 6 5 2 2 0 0 0 0 5 0 0 0 1 0 2 0 4 1 5 0 0 0 0 0 0 0 0 6 10 0 6 0 0 0 0 0 8 0 0 2 5 1 0 0 4 4 5 0 6 5 
2.906 6.24524 0.503124 -0.0295978 0.15649 0 0 0 4 1 0 0 0 3 0 0 0 0 0 13 46 0 10 2 10 126 394 6 5 2 2 0 0 0 0 5 0 0 0 1 0 2 0 4 1 5 0 0 0 0 0 0 0 0 6 10 0 6 0 0 0 0 0 8 0 0 2 5 1 0 0 4 4 5 0 6 5 
2.926 6.33835 0.503159 -0.0295996 0.156443 0 0 0 4 1 0 0 0 3 0 0 0 0 0 12 46 0 10 2 10 146 341 6 5 2 2 0 0 0 0 5 0 0 0 1 0 2 0 4 1 5 0 0 0 0 0 0 0 0 6 10 0 6 0 0 0 0 0 8 0 0 2 5 1 0 0 4 4 5 0 6 5 
2.946 6.4666 0.503188 -0.0296072 0.156406 0 0 0 4 1 0 0 0 3 0 0 0 0 0 12 46 0 10 2 10 146 341 6 5 2 2 0 0 0 0 5 0 0 0 1 0 2 0 4 1 5 0 0 0 0 0 0 0 0 6 10 0 6 0 0 0 0 0 8 0 0 2 5 1 0 0 4 4 5 0 6 5 
2.966 6.47137 0.503213 -0.0296115 0.156386 0 0 0 4 1 0 0 0 3 0 0 0 0 0 12 46 0 10 2 10 146 341 6 5 2 2 0 0 0 0 5 0 0 0 1 0 2 0 4 1 5 0 0 0 0 0 0 0 0 6 10 0 6 0 0 0 0 0 8 0 0 2 5 1 0 0 4 4 5 0 6 5 
2.986 6.50864 0.503221 -0.0296122 0.156384 0 0 0 4 1 0 0 0 3 0 0 0 0 0 29 45 0 10 2 10 227 393 6 5 2 2 0 0 0 0 5 0 0 0 1 0 2 0 4 1 5 0 0 0 0 0 0 0 0 6 10 0 6 0 0 0 0 0 8 0 0 2 5 1 0 0 4 4 5 0 6 5 
3.006 6.53376 0.503228 -0.0296153 0.156391 0 0 0 4 1 0 0 0 3 0 0 0 0 0 29 45 0 10 2 10 227 393 6 5 2 2 0 0 0 0 5 0 0 0 1 0 2 0 4 1 5 0 0 0 0 0 0 0 0 6 10 0 6 0 0 0 0 0 8 0 0 2 5 1 0 0 4 4 5 0 6 5 
3.026 6.41645 0.503225 -0.0296124 0.156385 0 0 0 4 1 0 0 0 3 0 13 0 0 0 46 45 0 10 2 10 405 501 6 5 2 2 0 0 0 0 5 0 0 0 1 0 2 0 4 1 5 0 0 0 0 0 0 0 0 6 10 0 6 0 0 0 0 0 8 0 0 2 5 1 0 0 4 4 5 0 6 5 
3.046 6.40233 0.503225 -0.0296137 0.156387 0 0 0 4 1 0 0 0 3 0 13 0 0 0 46 45 0 10 2 10 405 501 6 5 2 2 0 0 0 0 5 0 0 0 1 0 2 0 4 1 5 0 0 0 0 0 0 0 0 6 10 0 6 0 0 0 0 0 8 0 0 2 5 1 0 0 4 4 5 0 6 5 
3.066 6.27345 0.503225 -0.0296137 0.156388 0 0 0 4 1 0 0 0 3 6 0 0 0 0 46 119 0 10 2 10 483 550 6 5 2 2 0 0 0 0 5 0 0 0 1 0 2 0 4 1 5 0 0 0 0 0 0 0 0 6 10 0 6 0 0 0 0 0 8 0 0 2 5 1 0 0 4 4 5 0 6 5 
3.086 6.01694 0.503218 -0.029615 0.156402 0 0 0 4 1 0 0 0 3 6 0 0 0 0 46 119 0 10 2 10 483 550 6 5 2 2 0 0 0 0 5 0 0 0 1 0 2 0 4 1 5 0 0 0 0 0 0 0 0 6 10 0 6 0 0 0 0 0 8 0 0 2 5 1 0 0 4 4 5 0 6 5 
3.106 5.97379 0.503209 -0.0296174 0.156446 0 0 0 4 1 0 0 0 3 6 0 0 0 0 46 119 0 10 2 10 483 550 6 5 2 2 0 0 0 0 5 0 0 0 1 0 2 0 4 1 5 0 0 0 0 0 0 0 0 6 10 0 6 0 0 0 0 0 8 0 0 2 5 1 0 0 4 4 5 0 6 5 
3.126 5.88404 0.50318 -0.0296158 0.156488 0 0 0 4 1 0 0 0 3 17 0 0 0 0 60 143 0 10 2 10 544 545 6 5 2 2 0 0 0 0 5 0 0 0 1 0 2 0 4 1 5 0 0 0 0 0 0 0 0 6 10 0 6 0 0 0 0 0 8 0 0 2 5 1 0 0 4 4 5 0 6 5 
3.146 5.74369 0.503147 -0.0296124 0.156529 0 0 0 4 1 0 0 0 3 17 0 0 0 0 60 143 0 10 2 10 544 545 6 5 2 2 0 0 0 0 5 0 0 0 1 0 2 0 4 1 5 0 0 0 0 0 0 0 0 6 10 0 6 0 0 0 0 0 8 0 0 2 5 1 0 0 4 4 5 0 6 5 
3.166 5.5978 0.503105 -0.0296098 0.156569 0 0 0 4 1 0 0 0 3 17 0 0 0 0 60 123 0 10 2 10 520 534 6 5 2 2 0 0 0 0 5 0 0 0 1 0 2 0 4 1 5 0 0 0 0 0 0 0 0 6 10 0 6 0 0 0 0 0 8 0 0 2 5 1 0 0 4 4 5 0 6 5 
3.186 5.49157 0.503074 -0.0296052 0.156622 0 0 0 4 1 0 0 0 3 17 0 0 0 0 60 123 0 10 2 10 520 534 6 5 2 2 0 0 0 0 5 0 0 0 1 0 2 0 4 1 5 0 0 0 0 0 0 0 0 6 10 0 6 0 0 0 0 0 8 0 0 2 5 1 0 0 4 4 5 0 6 5 
3.206 5.27069 0.503028 -0.0296037 0.156678 0 0 0 4 1 0 0 0 3 17 0 0 0 0 60 123 0 10 2 10 520 534 6 5 2 2 0 0 0 0 5 0 0 0 1 0 2 0 4 1 5 0 0 0 0 0 0 0 0 6 10 0 6 0 0 0 0 0 8 0 0 2 5 1 0 0 4 4 5 0 6 5 
3.226 5.02964 0.502972 -0.0296007 0.156745 0 0 0 4 1 0 0 0 3 17 0 0 0 0 60 92 0 10 2 10 493 535 6 5 2 2 0 0 0 0 5 0 0 0 1 0 2 0 4 1 5 0 0 0 0 0 0 0 0 6 10 0 6 0 0 0 0 0 8 0 0 2 5 1 0 0 4 4 5 0 6 5 
3.246 4.80208 0.502911 -0.0295967 0.15683 0 0 0 4 1 0 0 0 3 17 0 0 0 0 60 92 0 10 2 10 493 535 6 5 2 2 0 0 0 0 5 0 0 0 1 0 2 0 4 1 5 0 0 0 0 0 0 0 0 6 10 0 6 0 0 0 0 0 8 0 0 2 5 1 0 0 4 4 5 0 6 5 
3.266 4.51442 0.502853 -0.0295916 0.156935 0 0 0 4 1 0 0 0 3 6 11 0 0 0 32 68 0 10 2 10 344 516 6 5 2 2 0 0 0 0 5 0 0 0 1 0 2 0 4 1 5 0 0 0 0 0 0 0 0 6 10 0 6 0 0 0 0 0 8 0 0 2 5 1 0 0 4 4 5 0 6 5 
3.286 4.18626 0.502779 -0.0295855 0.157038 0 0 0 4 1 0 0 0 3 6 11 0 0 0 32 68 0 10 2 10 344 516 6 5 2 2 0 0 0 0 5 0 0 0 1 0 2 0 4 1 5 0 0 0 0 0 0 0 0 6 10 0 6 0 0 0 0 0 8 0 0 2 5 1 0 0 4 4 5 0 6 5 
3.306 3.78684 0.502695 -0.0295805 0.157147 0 0 0 4 1 0 0 0 3 6 0 0 0 0 0 0 0 10 2 10 0 0 6 5 2 2 0 0 0 0 5 0 0 0 1 0 2 0 4 1 5 0 0 0 0 0 0 0 0 6 10 0 6 0 0 0 0 0 8 0 0 2 5 1 0 0 4 4 5 0 6 5 
3.326 3.47972 0.502601 -0.0295745 0.157268 0 0 0 4 1 0 0 0 3 6 0 0 0 0 0 0 0 10 2 10 0 0 6 5 2 2 0 0 0 0 5 0 0 0 1 0 2 0 4 1 5 0 0 0 0 0 0 0 0 6 10 0 6 0 0 0 0 0 8 0 0 2 5 1 0 0 4 4 5 0 6 5 
3.346 3.1336 0.502499 -0.0295617 0.157393 0 0 0 4 1 0 0 0 3 6 0 0 0 0 0 0 0 10 2 10 0 0 6 5 2 2 0 0 0 0 5 0 0 0 1 0 2 0 4 1 5 0 0 0 0 0 0 0 0 6 10 0 6 0 0 0 0 0 8 0 0 2 5 1 0 0 4 4 5 0 6 5 
3.366 2.92129 0.502393 -0.0295497 0.157533 0 0 0 4 1 0 0 0 3 6 0 0 0 0 0 0 0 10 2 10 0 0 6 5 2 2 0 0 0 0 5 0 0 0 1 0 2 0 4 1 5 0 0 0 0 0 0 0 0 6 10 0 6 0 0 0 0 0 8 0 0 2 5 1 0 0 4 4 5 0 6 5 
3.386 2.56771 0.502288 -0.0295405 0.157678 0 0 0 4 1 0 0 0 3 6 0 0 0 0 0 0 0 10 2 10 0 0 6 5 2 2 0 0 0 0 5 0 0 0 1 0 2 0 4 1 5 0 0 0 0 0 0 0 0 6 10 0 6 0 0 0 0 0 8 0 0 2 5 1 0 0 4 4 5 0 6 5 
3.406 2.15999 0.502161 -0.0295267 0.157813 0 0 0 4 1 0 0 0 3 6 0 0 0 0 0 0 0 10 2 10 0 0 6 5 2 2 0 0 0 0 5 0 0 0 1 0 2 0 4 1 5 0 0 0 0 0 0 0 0 6 10 0 6 0 0 0 0 0 8 0 0 2 5 1 0 0 4 4 5 0 6 5 
3.426 1.88084 0.502034 -0.0295159 0.157966 0 0 0 4 1 0 0 0 3 6 0 0 0 0 0 0 0 10 2 10 0 0 6 5 2 2 0 0 0 0 5 0 0 0 1 0 2 0 4 1 5 0 0 0 0 0 0 0 0 6 10 0 6 0 0 0 0 0 8 0 0 2 5 1 0 0 4 4 5 0 6 5 
3.446 1.52468 0.501912 -0.0295025 0.15814 0 0 0 4 1 0 0 0 3 6 0 0 0 0 0 0 0 10 2 10 0 0 6 5 2 2 0 0 0 0 5 0 0 0 1 0 2 0 4 1 5 0 0 0 0 0 0 0 0 6 10 0 6 0 0 0 0 0 8 0 0 2 5 1 0 0 4 4 5 0 6 5 
3.466 1.63649 0.501837 -0.0294983 0.158383 0 0 0 4 1 0 0 0 3 6 0 0 0 0 0 0 0 10 2 10 0 0 6 5 2 2 0 0 0 0 5 0 0 0 1 0 2 0 4 1 5 0 0 0 0 0 0 0 0 6 10 0 6 0 0 0 0 0 8 0 0 2 5 1 0 0 4 4 5 0 6 5 
3.486 1.68711 0.501801 -0.0294951 0.158677 0 0 0 4 1 0 0 0 3 6 0 0 0 0 0 0 0 10 2 10 0 0 6 5 2 2 0 0 0 0 5 0 0 0 1 0 2 0 4 1 5 0 0 0 0 0 0 0 0 6 10 0 6 0 0 0 0 0 8 0 0 2 5 1 0 0 4 4 5 0 6 5 
3.506 1.85609 0.50179 -0.0294968 0.159016 0 0 0 4 1 0 0 0 3 6 0 0 0 0 0 0 0 10 2 10 0 0 6 5 2 2 0 0 0 0 5 0 0 0 1 0 2 0 4 1 5 0 0 0 0 0 0 0 0 6 10 0 6 0 0 0 0 0 8 0 0 2 5 1 0 0 4 4 5 0 6 5 
3.526 1.75459 0.50178 -0.0294994 0.159368 0 0 0 4 1 0 0 0 3 6 0 0 0 0 0 0 0 10 2 10 0 0 6 5 2 2 0 0 0 0 5 0 0 0 1 0 2 0 4 1 5 0 0 0 0 0 0 0 0 6 10 0 6 0 0 0 0 0 8 0 0 2 5 1 0 0 4 4 5 0 6 5 
3.546 1.7773 0.501781 -0.0294976 0.159756 0 0 0 4 1 0 0 0 3 6 0 0 0 0 0 0 0 10 2 10 0 0 6 5 2 2 0 0 0 0 5 0 0 0 1 0 2 0 4 1 5 0 0 0 0 0 0 0 0 6 10 0 6 0 0 0 0 0 8 0 0 2 5 1 0 0 4 4 5 0 6 5 
3.566 1.82387 0.501792 -0.0294989 0.160165 0 0 0 4 1 0 0 0 3 6 0 0 0 0 0 0 0 10 2 10 0 0 6 5 2 2 0 0 0 0 5 0 0 0 1 0 2 0 4 1 5 0 0 0 0 0 0 0 0 6 10 0 6 0 0 0 0 0 8 0 0 2 5 1 0 0 4 4 5 0 6 5 
3.586 1.88101 0.501803 -0.0295011 0.160583 0 0 0 4 1 0 0 0 3 6 0 0 0 0 0 0 0 10 2 10 0 0 6 5 2 2 0 0 0 0 5 0 0 0 1 0 2 0 4 1 5 0 0 0 0 0 0 0 0 6 10 0 6 0 0 0 0 0 8 0 0 2 5 1 0 0 4 4 5 0 6 5 
3.606 1.83973 0.501814 -0.029503 0.161014 0 0 0 4 1 0 0 0 3 6 0 0 0 0 0 0 0 10 2 10 0 0 6 5 2 2 0 0 0 0 5 0 0 0 1 0 2 0 4 1 5 0 0 0 0 0 0 0 0 6 10 0 6 0 0 0 0 0 8 0 0 2 5 1 0 0 4 4 5 0 6 5 
3.626 1.80767 0.501833 -0.0295058 0.161472 0 0 0 4 1 0 0 0 3 6 0 0 0 0 0 0 0 10 2 10 0 0 6 5 2 2 0 0 0 0 5 0 0 0 1 0 2 0 4 1 5 0 0 0 0 0 0 0 0 6 10 0 6 0 0 0 0 0 8 0 0 2 5 1 0 0 4 4 5 0 6 5 
3.646 1.98741 0.501859 -0.0295104 0.161946 0 0 0 4 1 0 0 0 3 6 0 0 0 0 0 0 0 10 2 10 0 0 6 5 2 2 0 0 0 0 5 0 0 0 1 0 2 0 4 1 5 0 0 0 0 0 0 0 0 6 10 0 6 0 0 0 0 0 8 0 0 2 5 1 0 0 4 4 5 0 6 5 
3.666 2.06507 0.50189 -0.0295112 0.162423 0 0 0 4 1 0 0 0 3 6 0 0 0 0 0 0 0 10 2 10 0 0 6 5 2 2 0 0 0 0 5 0 0 0 1 0 2 0 4 1 5 0 0 0 0 0 0 0 0 6 10 0 6 0 0 0 0 0 8 0 0 2 5 1 0 0 4 4 5 0 6 5 
3.686 2.06274 0.501911 -0.0295141 0.162889 0 0 0 4 1 0 0 0 3 6 0 0 0 0 0 0 0 10 2 10 0 0 6 5 2 2 0 0 0 0 5 0 0 0 1 0 2 0 4 1 5 0 0 0 0 0 0 0 0 6 10 0 6 0 0 0 0 0 8 0 0 2 5 1 0 0 4 4 5 0 6 5 
3.706 2.03252 0.501924 -0.0295181 0.163334 0 0 0 4 1 0 0 0 3 6 0 0 0 0 0 0 0 10 2 10 0 0 6 5 2 2 0 0 0 0 5 0 0 0 1 0 2 0 4 1 5 0 0 0 0 0 0 0 0 6 10 0 6 0 0 0 0 0 8 0 0 2 5 1 0 0 4 4 5 0 6 5 
3.726 1.99263 0.501928 -0.0295185 0.163754 0 0 0 4 1 0 0 0 3 6 0 0 0 0 0 0 0 10 2 10 0 0 6 5 2 2 0 0 0 0 5 0 0 0 1 0 2 0 4 1 5 0 0 0 0 0 0 0 0 6 10 0 6 0 0 0 0 0 8 0 0 2 5 1 0 0 4 4 5 0 6 5 
3.746 1.96265 0.501929 -0.0295229 0.164166 0 0 0 4 1 0 0 0 3 6 0 0 0 0 0 0 0 10 2 10 0 0 6 5 2 2 0 0 0 0 5 0 0 0 1 0 2 0 4 1 5 0 0 0 0 0 0 0 0 6 10 0 6 0 0 0 0 0 8 0 0 2 5 1 0 0 4 4 5 0 6 5 
3.766 1.77265 0.501921 -0.0295233 0.164577 0 0 0 4 1 0 0 0 3 6 0 0 0 0 0 0 0 10 2 10 0 0 6 5 2 2 0 0 0 0 5 0 0 0 1 0 2 0 4 1 5 0 0 0 0 0 0 0 0 6 10 0 6 0 0 0 0 0 8 0 0 2 5 1 0 0 4 4 5 0 6 5 
3.786 1.85594 0.501924 -0.0295232 0.165004 0 0 0 4 1 0 0 0 3 6 0 0 0 0 0 0 0 10 2 10 0 0 6 5 2 2 0 0 0 0 5 0 0 0 1 0 2 0 4 1 5 0 0 0 0 0 0 0 0 6 10 0 6 0 0 0 0 0 8 0 0 2 5 1 0 0 4 4 5 0 6 5 
3.806 1.92173 0.501919 -0.0295246 0.16544 0 0 0 4 1 0 0 0 3 6 0 0 0 0 0 0 0 10 2 10 0 0 6 5 2 2 0 0 0 0 5 0 0 0 1 0 2 0 4 1 5 0 0 0 0 0 0 0 0 6 10 0 6 0 0 0 0 0 8 0 0 2 5 1 0 0 4 4 5 0 6 5 
3.826 1.89463 0.501923 -0.029529 0.165884 0 0 0 4 1 0 0 0 3 6 0 0 0 0 0 0 0 10 2 10 0 0 6 5 2 2 0 0 0 0 5 0 0 0 1 0 2 0 4 1 5 0 0 0 0 0 0 0 0 6 10 0 6 0 0 0 0 0 8 0 0 2 5 1 0 0 4 4 5 0 6 5 
3.846 1.75502 0.501924 -0.029532 0.16633 0 0 0 4 1 0 0 0 3 6 0 0 0 0 0 0 0 10 2 10 0 0 6 5 2 2 0 0 0 0 5 0 0 0 1 0 2 0 4 1 5 0 0 0 0 0 0 0 0 6 10 0 6 0 0 0 0 0 8 0 0 2 5 1 0 0 4 4 5 0 6 5 
3.866 1.88492 0.501931 -0.0295317 0.16679 0 0 0 4 1 0 0 0 3 6 0 0 0 0 0 0 0 10 2 10 0 0 6 5 2 2 0 0 0 0 5 0 0 0 1 0 2 0 4 1 5 0 0 0 0 0 0 0 0 6 10 0 6 0 0 0 0 0 8 0 0 2 5 1 0 0 4 4 5 0 6 5 
3.886 2.05746 0.50194 -0.0295323 0.167245 0 0 0 4 1 0 0 0 3 6 0 0 0 0 0 0 0 10 2 10 0 0 6 5 2 2 0 0 0 0 5 0 0 0 1 0 2 0 4 1 5 0 0 0 0 0 0 0 0 6 10 0 6 0 0 0 0 0 8 0 0 2 5 1 0 0 4 4 5 0 6 5 
3.906 2.01919 0.501945 -0.0295341 0.167678 0 0 0 4 1 0 0 0 3 6 0 0 0 0 0 0 0 10 2 10 0 0 6 5 2 2 0 0 0 0 5 0 0 0 1 0 2 0 4 1 5 0 0 0 0 0 0 0 0 6 10 0 6 0 0 0 0 0 8 0 0 2 5 1 0 0 4 4 5 0 6 5 
3.926 1.95567 0.501939 -0.0295379 0.168085 0 0 0 4 1 0 0 0 3 6 0 0 0 0 0 0 0 10 2 10 0 0 6 5 2 2 0 0 0 0 5 0 0 0 1 0 2 0 4 1 5 0 0 0 0 0 0 0 0 6 10 0 6 0 0 0 0 0 8 0 0 2 5 1 0 0 4 4 5 0 6 5 
3.946 2.01594 0.501934 -0.0295363 0.168475 0 0 0 4 1 0 0 0 3 6 0 0 0 0 0 0 0 10 2 10 0 0 6 5 2 2 0 0 0 0 5 0 0 0 1 0 2 0 4 1 5 0 0 0 0 0 0 0 0 6 10 0 6 0 0 0 0 0 8 0 0 2 5 1 0 0 4 4 5 0 6 5 
3.966 1.99968 0.501918 -0.029538 0.168842 0 0 0 4 1 0 0 0 3 6 0 0 0 0 0 0 0 10 2 10 0 0 6 5 2 2 0 0 0 0 5 0 0 0 1 0 2 0 4 1 5 0 0 0 0 0 0 0 0 6 10 0 6 0 0 0 0 0 8 0 0 2 5 1 0 0 4 4 5 0 6 5 
3.986 1.86999 0.501903 -0.0295355 0.169189 0 0 0 4 1 0 0 0 3 6 0 0 0 0 0 0 0 10 2 10 0 0 6 5 2 2 0 0 0 0 5 0 0 0 1 0 2 0 4 1 5 0 0 0 0 0 0 0 0 6 10 0 6 0 0 0 0 0 8 0 0 2 5 1 0 0 4 4 5 0 6 5 
4.006 1.80856 0.501873 -0.029535 0.169532 0 0 0 4 1 0 0 0 3 6 0 0 0 0 0 0 0 10 2 10 0 0 6 5 2 2 0 0 0 0 5 0 0 0 1 0 2 0 4 1 5 0 0 0 0 0 0 0 0 6 10 0 6 0 0 0 0 0 8 0 0 2 5 1 0 0 4 4 5 0 6 5 
4.026 1.85756 0.501854 -0.0295388 0.169884 0 0 0 4 1 0 0 0 3 6 0 0 0 0 0 0 0 10 2 10 0 0 6 5 2 2 0 0 0 0 5 0 0 0 1 0 2 0 4 1 5 0 0 0 0 0 0 0 0 6 10 0 6 0 0 0 0 0 8 0 0 2 5 1 0 0 4 4 5 0 6 5 
4.046 1.97515 0.501847 -0.0295417 0.170248 0 0 0 4 1 0 0 0 3 6 0 0 0 0 0 0 0 10 2 10 0 0 6 5 2 2 0 0 0 0 5 0 0 0 1 0 2 0 4 1 5 0 0 0 0 0 0 0 0 6 10 0 6 0 0 0 0 0 8 0 0 2 5 1 0 0 4 4 5 0 6 5 
4.066 1.96403 0.501841 -0.0295414 0.170601 0 0 0 4 1 0 0 0 3 6 0 0 0 0 0 0 0 10 2 10 0 0 6 5 2 2 0 0 0 0 5 0 0 0 1 0 2 0 4 1 5 0 0 0 0 0 0 0 0 6 10 0 6 0 0 0 0 0 8 0 0 2 5 1 0 0 4 4 5 0 6 5 
4.086 1.83789 0.501828 -0.0295417 0.170943 0 0 0 4 1 0 0 0 3 6 0 0 0 0 0 0 0 10 2 10 0 0 6 5 2 2 0 0 0 0 5 0 0 0 1 0 2 0 4 1 5 0 0 0 0 0 0 0 0 6 10 0 6 0 0 0 0 0 8 0 0 2 5 1 0 0 4 4 5 0 6 5 
4.106 1.87787 0.50182 -0.0295437 0.17129 0 0 0 4 1 0 0 0 3 6 0 0 0 0 0 0 0 10 2 10 0 0 6 5 2 2 0 0 0 0 5 0 0 0 1 0 2 0 4 1 5 0 0 0 0 0 0 0 0 6 10 0 6 0 0 0 0 0 8 0 0 2 5 1 0 0 4 4 5 0 6 5 
4.126 1.95775 0.501821 -0.0295474 0.17164 0 0 0 4 1 0 0 0 3 6 0 0 0 0 0 0 0 10 2 10 0 0 6 5 2 2 0 0 0 0 5 0 0 0 1 0 2 0 4 1 5 0 0 0 0 0 0 0 0 6 10 0 6 0 0 0 0 0 8 0 0 2 5 1 0 0 4 4 5 0 6 5 
4.146 2.10894 0.501834 -0.029547 0.171987 0 0 0 4 1 0 0 0 3 6 0 0 0 0 0 0 0 10 2 10 0 0 6 5 2 2 0 0 0 0 5 0 0 0 1 0 2 0 4 1 5 0 0 0 0 0 0 0 0 6 10 0 6 0 0 0 0 0 8 0 0 2 5 1 0 0 4 4 5 0 6 5 
4.166 1.97547 0.501847 -0.0295458 0.172294 0 0 0 4 1 0 0 0 3 6 0 0 0 0 0 0 0 10 2 10 0 0 6 5 2 2 0 0 0 0 5 0 0 0 1 0 2 0 4 1 5 0 0 0 0 0 0 0 0 6 10 0 6 0 0 0 0 0 8 0 0 2 5 1 0 0 4 4 5 0 6 5 
4.186 2.10032 0.501861 -0.0295517 0.172588 0 0 0 4 1 0 0 0 3 6 0 0 0 0 0 0 0 10 2 10 0 0 6 5 2 2 0 0 0 0 5 0 0 0 1 0 2 0 4 1 5 0 0 0 0 0 0 0 0 6 10 0 6 0 0 0 0 0 8 0 0 2 5 1 0 0 4 4 5 0 6 5 
4.206 1.99795 0.501859 -0.0295504 0.172851 0 0 0 4 1 0 0 0 3 6 0 0 0 0 0 0 0 10 2 10 0 0 6 5 2 2 0 0 0 0 5 0 0 0 1 0 2 0 4 1 5 0 0 0 0 0 0 0 0 6 10 0 6 0 0 0 0 0 8 0 0 2 5 1 0 0 4 4 5 0 6 5 
4.226 2.02935 0.50185 -0.0295508 0.173093 0 0 0 4 1 0 0 0 3 6 0 0 0 0 0 0 0 10 2 10 0 0 6 5 2 2 0 0 0 0 5 0 0 0 1 0 2 0 4 1 5 0 0 0 0 0 0 0 0 6 10 0 6 0 0 0 0 0 8 0 0 2 5 1 0 0 4 4 5 0 6 5 
4.246 2.0123 0.501848 -0.0295529 0.173322 0 0 0 4 1 0 0 0 3 6 0 0 0 0 0 0 0 10 2 10 0 0 6 5 2 2 0 0 0 0 5 0 0 0 1 0 2 0 4 1 5 0 0 0 0 0 0 0 0 6 10 0 6 0 0 0 0 0 8 0 0 2 5 1 0 0 4 4 5 0 6 5 
4.266 1.99051 0.501851 -0.0295511 0.173528 0 0 0 4 1 0 0 0 3 6 0 0 0 0 0 0 0 10 2 10 0 0 6 5 2 2 0 0 0 0 5 0 0 0 1 0 2 0 4 1 5 0 0 0 0 0 0 0 0 6 10 0 6 0 0 0 0 0 8 0 0 2 5 1 0 0 4 4 5 0 6 5 
4.286 1.91648 0.501852 -0.029553 0.17371 0 0 0 4 1 0 0 0 3 6 0 0 0 0 0 0 0 10 2 10 0 0 6 5 2 2 0 0 0 0 5 0 0 0 1 0 2 0 4 1 5 0 0 0 0 0 0 0 0 6 10 0 6 0 0 0 0 0 8 0 0 2 5 1 0 0 4 4 5 0 6 5 
4.306 1.9142 0.501851 -0.0295536 0.173877 0 0 0 4 1 0 0 0 3 6 0 0 0 0 0 0 0 10 2 10 0 0 6 5 2 2 0 0 0 0 5 0 0 0 1 0 2 0 4 1 5 0 0 0 0 0 0 0 0 6 10 0 6 0 0 0 0 0 8 0 0 2 5 1 0 0 4 4 5 0 6 5 
4.326 1.84041 0.501832 -0.0295528 0.17402 0 0 0 4 1 0 0 0 3 6 0 0 0 0 0 0 0 10 2 10 0 0 6 5 2 2 0 0 0 0 5 0 0 0 1 0 2 0 4 1 5 0 0 0 0 0 0 0 0 6 10 0 6 0 0 0 0 0 8 0 0 2 5 1 0 0 4 4 5 0 6 5 
4.346 1.8998 0.50182 -0.0295537 0.174163 0 0 0 4 1 0 0 0 3 6 0 0 0 0 0 0 0 10 2 10 0 0 6 5 2 2 0 0 0 0 5 0 0 0 1 0 2 0 4 1 5 0 0 0 0 0 0 0 0 6 10 0 6 0 0 0 0 0 8 0 0 2 5 1 0 0 4 4 5 0 6 5 
4.366 1.87604 0.501819 -0.0295532 0.174299 0 0 0 4 1 0 0 0 3 6 0 0 0 0 0 0 0 10 2 10 0 0 6 5 2 2 0 0 0 0 5 0 0 0 1 0 2 0 4 1 5 0 0 0 0 0 0 0 0 6 10 0 6 0 0 0 0 0 8 0 0 2 5 1 0 0 4 4 5 0 6 5 
4.386 1.91319 0.50183 -0.0295544 0.174433 0 0 0 4 1 0 0 0 3 6 0 0 0 0 0 0 0 10 2 10 0 0 6 5 2 2 0 0 0 0 5 0 0 0 1 0 2 0 4 1 5 0 0 0 0 0 0 0 0 6 10 0 6 0 0 0 0 0 8 0 0 2 5 1 0 0 4 4 5 0 6 5 
4.406 1.92723 0.501845 -0.0295596 0.174553 0 0 0 4 1 0 0 0 3 6 0 0 0 0 0 0 0 10 2 10 0 0 6 5 2 2 0 0 0 0 5 0 0 0 1 0 2 0 4 1 5 0 0 0 0 0 0 0 0 6 10 0 6 0 0 0 0 0 8 0 0 2 5 1 0 0 4 4 5 0 6 5 
4.426 1.95338 0.501861 -0.0295585 0.174658 0 0 0 4 1 0 0 0 3 6 0 0 0 0 0 0 0 10 2 10 0 0 6 5 2 2 0 0 0 0 5 0 0 0 1 0 2 0 4 1 5 0 0 0 0 0 0 0 0 6 10 0 6 0 0 0 0 0 8 0 0 2 5 1 0 0 4 4 5 0 6 5 
4.446 1.93581 0.501871 -0.0295604 0.174746 0 0 0 4 1 0 0 0 3 6 0 0 0 0 0 0 0 10 2 10 0 0 6 5 2 2 0 0 0 0 5 0 0 0 1 0 2 0 4 1 5 0 0 0 0 0 0 0 0 6 10 0 6 0 0 0 0 0 8 0 0 2 5 1 0 0 4 4 5 0 6 5 
4.466 1.81198 0.501878 -0.029559 0.174818 0 0 0 4 1 0 0 0 3 6 0 0 0 0 0 0 0 10 2 10 0 0 6 5 2 2 0 0 0 0 5 0 0 0 1 0 2 0 4 1 5 0 0 0 0 0 0 0 0 6 10 0 6 0 0 0 0 0 8 0 0 2 5 1 0 0 4 4 5 0 6 5 
4.486 2.02385 0.50189 -0.0295617 0.17489 0 0 0 4 1 0 0 0 3 6 0 0 0 0 0 0 0 10 2 10 0 0 6 5 2 2 0 0 0 0 5 0 0 0 1 0 2 0 4 1 5 0 0 0 0 0 0 0 0 6 10 0 6 0 0 0 0 0 8 0 0 2 5 1 0 0 4 4 5 0 6 5 
